=~=~=~=~=~=~=~=~=~=~=~= PuTTY log 2024.04.18 11:05:06 =~=~=~=~=~=~=~=~=~=~=~=
1,1.846154
6,2.074689
11,2.147459
16,2.232143
21,2.304147
26,2.354788
3,2.419355
36,2.45098
41,2.523129
46,2.608696
51,2.673797
56,2.819549
61,2.892961
66,2.840909
71,3.018109
76,3.036437
81,3.08642
86,3.171247
91,3.296703
96,3.472222
MicroPython v1.18 on 2023-10-30; micro:bit v2.1.2 with nRF52833
Type "help()" for more information.
>>> 1,1624
6,1458
11,1397
16,1360
21,1323
26,1274
31,1240
36,1224
41,1189
46,1150
51,1122
56,1064
61,1037
66,1056
71,994
76,988
81,972
86,946
91,910
96,864
MicroPython v1.18 on 2023-10-30; micro:bit v2.1.2 with nRF52833
Type "help()" for mor information.
>>> 1,11624
6,6243
11,11127
16,1685
21,2163
26,2649
31,3140
36,3634
1,1624
6,23
11,127
16,85
21,63
26,49
31,40
36,34
41,29
46,25
51,22
56,19
61,17
66,16
71,14
76,13
81,12
86,11
91,10
96,9
MicroPython v1.18 on 2023-10-30; micro:bit v2.1.2 with nRF52833
Type "help()" for more information.
>>> 1,16234
6,5414
11,3242
16,2315
21,1799
26,1471
31,1246
36,1079
41,952
46,851
51,771
56,704
61,647
66,600
71,558
76,521
81,491
86,463
91,438
96,415
MicroPython v1.18 on 2023-10-30; micro:bit v2.1.2 with nRF52833
Type "help()" for more information.
>>> 1,12744
6,3738
11,2176
16,1552
21,1185
26,973
31,825
36,702
41,622
46,558
51,506
56,462
61,427
66,383
71,361
76,339
81,319
86,301
91,285
96,271
MicroPython v1.18 on 2023-10-30; micro:bit v2.1.2 with nRF52833
Type "help()" for more informatin.
>>> 